1100807615.0
1100807615.0
1100807616.0
1100807616.0
1100807780.0
1100807780.0
1112282385.0
1112282385.0
1112282414.0
1112282414.0
1112408078.0
1112408078.0
1112408098.0
1112408098.0
1112408107.0
1112408107.0
1112408141.0
1112408141.0
1125635867.0
1125635867.0
1125636030.0
1125636030.0
1125636069.0
1125636069.0
1147588158.0
1147588158.0
1147843758.0
1147843758.0
1147844243.0
1147844243.0
1147844243.0
1147844243.0
1147844303.0
1147844303.0
1147844303.0
1147844303.0
1147844405.0
1147844405.0
1147844405.0
1147844405.0
1147844554.0
1147844554.0
1147844554.0
1147844554.0
1148153161.0
1148153161.0
1148153192.0
1148153192.0
1148153207.0
1148153207.0
1148154188.0
1148154188.0
1148154263.0
1148154263.0
1149177872.0
1149177872.0
1149255481.0
1149255481.0
1149255547.0
1149255547.0
1149259269.0
1149259269.0
1149259398.0
1149259398.0
1149259398.0
1149259398.0
1149602878.0
1149602878.0
1149603070.0
1149603070.0
1149603141.0
1149603141.0
1149603681.0
1149603681.0
1149603693.0
1149603693.0
1149884935.0
1149884935.0
1149885151.0
1149885151.0
1150124519.0
1150124519.0
1150124586.0
1150124586.0
1150124651.0
1150124651.0
1150230847.0
1150230847.0
1150746112.0
1150746112.0
1150746113.0
1150746113.0
1150772724.0
1150772724.0
1150772726.0
1150772726.0
1150772758.0
1150772758.0
1150772782.0
1150772782.0
1150772911.0
1150772911.0
1150772912.0
1150772912.0
1150772952.0
1150772952.0
1150819972.0
1150819972.0
1150820022.0
1150820022.0
1151420589.0
1151420589.0
1151420641.0
1151420641.0
1151420671.0
1151420671.0
1151420671.0
1151420671.0
1151420696.0
1151420696.0
1151420696.0
1151420696.0
1151677036.0
1151677036.0
1152214754.0
1152214754.0
1152214765.0
1152214765.0
1152625244.0
1152625244.0
1152625272.0
1152625272.0
1152625371.0
1152625371.0
1152625443.0
1152625443.0
1152625468.0
1152625468.0
1152625551.0
1152625551.0
1152625712.0
1152625712.0
1152625732.0
1152625732.0
1152625780.0
1152625780.0
1152626329.0
1152626329.0
1152854760.0
1152854760.0
1152854832.0
1152854832.0
1153837089.0
1153837089.0
1155360353.0
1155360353.0
1156262415.0
1156262415.0
1156307264.0
1156307264.0
1157828880.0
1157828880.0
1157985244.0
1157985244.0
1157985354.0
1157985354.0
1157985373.0
1157985373.0
1158081633.0
1158081633.0
1158241726.0
1158241726.0
1158618239.0
1158618239.0
1158643950.0
1158643950.0
1159307941.0
1159307941.0
1159805919.0
1159805919.0
1159907359.0
1159907359.0
1161101051.0
1161101051.0
1161185292.0
1161185292.0
1161712060.0
1161712060.0
1162247720.0
1162247720.0
1162247721.0
1162247721.0
1162247721.0
1162247721.0
1162247721.0
1162247721.0
1162247721.0
1162247721.0
1162247722.0
1162247722.0
1162247722.0
1162247722.0
1162247723.0
1162247723.0
1162247723.0
1162247723.0
1162247849.0
1162247849.0
1162247850.0
1162247850.0
1162247850.0
1162247850.0
1162247850.0
1162247850.0
1162247851.0
1162247851.0
1162247851.0
1162247851.0
1162247851.0
1162247851.0
1162247852.0
1162247852.0
1162247852.0
1162247852.0
1162247891.0
1162247891.0
1162247891.0
1162247891.0
1162247895.0
1162247895.0
1162247895.0
1162247895.0
1162247895.0
1162247895.0
1162247896.0
1162247896.0
1162247896.0
1162247896.0
1162247896.0
1162247896.0
1162247896.0
1162247896.0
1162247896.0
1162247896.0
1162247896.0
1162247896.0
1162252384.0
1162252384.0
1162252384.0
1162252384.0
1162252384.0
1162252384.0
1162252385.0
1162252385.0
1162252385.0
1162252385.0
1162252385.0
1162252385.0
1162252385.0
1162252385.0
1162252386.0
1162252386.0
1162252386.0
1162252386.0
1162327717.0
1162327717.0
1162327775.0
1162327775.0
1162478922.0
1162478922.0
1162909836.0
1162909836.0
1162909836.0
1162909836.0
1162909836.0
1162909836.0
1162909837.0
1162909837.0
1162909837.0
1162909837.0
1162909837.0
1162909837.0
1162909837.0
1162909837.0
1162909837.0
1162909837.0
1162909837.0
1162909837.0
1162910016.0
1162910016.0
1162910111.0
1162910111.0
1162922557.0
1162922557.0
1163520015.0
1163520015.0
1164136729.0
1164136729.0
1164777883.0
1164777883.0
1166052279.0
1166052279.0
1166052378.0
1166052378.0
1166052386.0
1166052386.0
1166052422.0
1166052422.0
1166559397.0
1166559397.0
1166647742.0
1166647742.0
1166647743.0
1166647743.0
1167850537.0
1167850537.0
1168380093.0
1168380093.0
1169001992.0
1169001992.0
1169580996.0
1169580996.0
1171514944.0
1171514944.0
1172154983.0
1172154983.0
1173197201.0
1173197201.0
1174578639.0
1174578639.0
1175655890.0
1175655890.0
1176125306.0
1176125306.0
1176229587.0
1176229587.0
1177957083.0
1177957083.0
1177957127.0
1177957127.0
1177957160.0
1177957160.0
1177957299.0
1177957299.0
1177957395.0
1177957395.0
1177957451.0
1177957451.0
1177957478.0
1177957478.0
1177965041.0
1177965041.0
1177965071.0
1177965071.0
1177965110.0
1177965110.0
1178037257.0
1178037257.0
1178644042.0
1179868159.0
1179868159.0
1180024127.0
1180024286.0
1180024326.0
1180024358.0
1180540262.0
1181318954.0
1181571702.0
1182882798.0
1184450667.0
1184450669.0
1184450806.0
1184450829.0
1184450854.0
1184450855.0
1184450913.0
1184451025.0
1184691118.0
1184694460.0
1185297653.0
1185817081.0
1185817474.0
1185817547.0
1185895005.0
1187989069.0
1188252760.0
1189005000.0
1189527087.0
1189812067.0
1190782089.0
1190857292.0
1190857429.0
1191348482.0
1191440849.0
1191442518.0
1191868966.0
1192728080.0
1193199655.0
1193837951.0
1194386770.0
1194583834.0
1194583896.0
1194584275.0
1194584346.0
1194584713.0
1194584777.0
1194584883.0
1194585228.0
1194968723.0
1194971240.0
1194971399.0
1194971423.0
1195583356.0
1196218104.0
1196908404.0
1197389664.0
1197389695.0
1197389731.0
1197392885.0
1197402034.0
1197402191.0
1197402248.0
1197404730.0
1198004113.0
1198004115.0
1198260917.0
1199729292.0
1199848793.0
1200013418.0
1200013540.0
1200328857.0
1200328916.0
1200328941.0
1200328997.0
1200426113.0
1200507938.0
1200507985.0
1200508163.0
1200515674.0
1201022520.0
1201633564.0
1201645809.0
1201648637.0
1201648709.0
1201649115.0
1201726029.0
1201726089.0
1202689414.0
1203663901.0
1204042274.0
1204771736.0
1205262117.0
1205878386.0
1206495521.0
1207111534.0
1207111570.0
1208870133.0
1208899343.0
1208899608.0
1209153051.0
1209271907.0
1209487183.0
1210095019.0
1210707532.0
1212002085.0
1212273161.0
1212883412.0
1213118183.0
1213205524.0
1213380796.0
1213381115.0
1213624549.0
1213624801.0
1213624837.0
1213625310.0
1213631408.0
1213725476.0
1213800188.0
1213800263.0
1214338140.0
1214406311.0
1214406446.0
1214492372.0
1215102899.0
1215542180.0
1216143474.0
1216669528.0
1216669989.0
1216756326.0
1217344512.0
1217352733.0
1217352772.0
1217352791.0
1217352804.0
1217352815.0
1217352825.0
1217352862.0
1217352881.0
1217352900.0
1217944168.0
1217958691.0
1218037432.0
1218131561.0
1218132465.0
1218132965.0
1218210242.0
1218460999.0
1218553077.0
1218567102.0
1218779412.0
1219176524.0
1219176549.0
1219672654.0
1219672925.0
1219673062.0
1219756523.0
1219776648.0
1219776800.0
1219776883.0
1219776966.0
1219777081.0
1219777130.0
1219777147.0
1219777169.0
1219777595.0
1219777612.0
1219777643.0
1219777719.0
1219854616.0
1219869946.0
1220020925.0
1220979916.0
1221026786.0
1221061198.0
1221061323.0
1221071439.0
1221075019.0
1221430614.0
1221430741.0
1221430863.0
1221432285.0
1221658070.0
1221678770.0
1221680125.0
1221743723.0
1221849833.0
1222178158.0
1222349232.0
1222349310.0
1222372493.0
1222374928.0
1222448194.0
1222448215.0
1222786912.0
1222812490.0
1222981825.0
1222981937.0
1222982020.0
1223485571.0
1223500630.0
1223500647.0
1223500661.0
1223500668.0
1223500682.0
1223500734.0
1223501884.0
1223501908.0
1223501922.0
1224023062.0
1224082566.0
1224164275.0
1224177533.0
1224509487.0
1224509983.0
1224607261.0
1224621657.0
1224688880.0
1224871821.0
1224871869.0
1224876936.0
1225169841.0
1225170585.0
1225204213.0
1225204273.0
1225209091.0
1225606519.0
1225606990.0
1225726660.0
1225779201.0
1225981258.0
1225981478.0
1225981874.0
1225981894.0
1225981896.0
1226194359.0
1226194539.0
1226211487.0
1226211597.0
1226211606.0
1226211613.0
1226211630.0
1226211632.0
1226341303.0
1226424950.0
1226436240.0
1226521808.0
1226521815.0
1226521820.0
1226521821.0
1226521823.0
1226521823.0
1226521824.0
1226521824.0
1226596928.0
1226596928.0
1226932866.0
1226985391.0
1227148643.0
1227647241.0
1228200566.0
1228200993.0
1228262414.0
1228316110.0
1228316256.0
1228316344.0
1228316404.0
1228316521.0
1228323658.0
1228323668.0
1228323676.0
1228324055.0
1228919194.0
1228919208.0
1228919329.0
1229007232.0
1229007348.0
1229103268.0
1229103291.0
1229236954.0
1229306593.0
1229306955.0
1229306962.0
1229307018.0
1229541026.0
1229817570.0
1230015239.0
1230015461.0
1231181531.0
1231281404.0
1231352960.0
1231867371.0
1232374858.0
1232548060.0
1232574399.0
1232574412.0
1232574413.0
1232574413.0
1232574413.0
1232574413.0
1232574413.0
1232574413.0
1232574432.0
1232574438.0
1232574446.0
1232574452.0
1232574452.0
1232574508.0
1232747325.0
1233076241.0
1233076265.0
1233076484.0
1233076651.0
1233076682.0
1233076865.0
1233076876.0
1233076910.0
1233076971.0
1233076993.0
1233077000.0
1233077001.0
1233077117.0
1233077209.0
1233077289.0
1233077354.0
1233077481.0
1233077653.0
1233077764.0
1233077889.0
1233077957.0
1233078088.0
1233078275.0
1233078616.0
1233078660.0
1233601654.0
1233602131.0
1233602175.0
1233612953.0
1233612988.0
1233681706.0
1234448351.0
1234818941.0
1234821299.0
1234821578.0
1234821589.0
1234821591.0
1234821675.0
1235139241.0
1235139392.0
1235139504.0
1235276255.0
1235399431.0
1235518212.0
1235518212.0
1235628859.0
1235628966.0
1235628967.0
1235628971.0
1235628971.0
1235628974.0
1235628977.0
1235629025.0
1235629025.0
1235629029.0
1235746481.0
1235746776.0
1236145492.0
1236386694.0
1236568983.0
1236568983.0
1236609350.0
1236698126.0
1236698144.0
1236698382.0
1236713046.0
1236748535.0
1236777509.0
1236779791.0
1236781267.0
1236781377.0
1236798392.0
1236798392.0
1236806506.0
1236989093.0
1237101161.0
1237440611.0
1237440652.0
1237477202.0
1237477233.0
1237477378.0
1237482931.0
1237482960.0
1237483193.0
1237486113.0
1237486165.0
1237492623.0
1237492690.0
1237492695.0
1237492698.0
1237492698.0
1237492705.0
1237492714.0
1237492714.0
1237492731.0
1237492737.0
1237492737.0
1237492752.0
1237492761.0
1237492761.0
1237492772.0
1237492772.0
1237492780.0
1237492780.0
1237492826.0
1237492896.0
1237492903.0
1237492908.0
1237492911.0
1237492911.0
1237567242.0
1237567784.0
1237567785.0
1237680757.0
1237831229.0
1237831298.0
1237831298.0
1237831363.0
1237831363.0
1237831448.0
1237831448.0
1237900644.0
1239112619.0
1239112749.0
1239112824.0
1239112860.0
1239112903.0
1239113184.0
1239119878.0
1239229144.0
1239229144.0
1239229176.0
1239229176.0
1239229180.0
1239229180.0
1239229191.0
1239229191.0
1239425909.0
1239844202.0
1239860761.0
1239860761.0
1239860762.0
1239860762.0
1239860762.0
1240234266.0
1240234456.0
1240235315.0
1240235486.0
1240235496.0
1240235496.0
1240642831.0
1240642934.0
1240942659.0
1241052419.0
1241052452.0
1241052474.0
1241052583.0
1241052839.0
1241069657.0
1241069727.0
1241121964.0
1241122314.0
1241122322.0
1241122322.0
1241122390.0
1241156145.0
1241156437.0
1241156608.0
1241161228.0
1241444138.0
1241457108.0
1241628727.0
1241630493.0
1241631972.0
1241637836.0
1241799743.0
1241800120.0
1241802580.0
1241936331.0
1242134470.0
1242143326.0
1242311216.0
1242311283.0
1242515706.0
1242680818.0
1242682195.0
1242682227.0
1242682318.0
1242825800.0
1242825837.0
1242826660.0
1242826665.0
1242826679.0
1242826683.0
1242826689.0
1242826689.0
1242826708.0
1242847716.0
1242847716.0
1242847741.0
1242912945.0
1242914751.0
1243032816.0
1243032903.0
1243033015.0
1243033105.0
1243360722.0
1243360742.0
1243394647.0
1243435584.0
1243436430.0
1243523125.0
1243529490.0
1243529515.0
1243577986.0
1243578939.0
1243581006.0
1243802853.0
1243864185.0
1243998174.0
1244244801.0
1244244897.0
1244246065.0
1244469956.0
1244469956.0
1244469956.0
1244469957.0
1244469958.0
1244474275.0
1244497029.0
1244497054.0
1244497707.0
1244556866.0
1244574233.0
1244574299.0
1244579244.0
1244579264.0
1244579393.0
1244579398.0
1244579398.0
1244610539.0
1244611686.0
1244652599.0
1244652746.0
1244653537.0
1244653916.0
1244870078.0
1245185053.0
1245295908.0
1245334178.0
1245392733.0
1245392839.0
1245392969.0
1245393265.0
1245395129.0
1245437001.0
1245439526.0
1245677870.0
1245701238.0
1245790694.0
1245790868.0
1245790873.0
1245790884.0
1245790888.0
1245856315.0
1245909792.0
1245909948.0
1245936847.0
1245936857.0
1245936896.0
1245939913.0
1245939995.0
1245960431.0
1245962246.0
1245962333.0
1246299375.0
1246299410.0
1246413708.0
1246415304.0
1246456619.0
1246456833.0
1246550308.0
1246551636.0
1247028849.0
1247029600.0
1247546740.0
1247576236.0
1247576366.0
1247576472.0
1247666238.0
1247669666.0
1247680188.0
1247855039.0
1247895894.0
1248098048.0
1248110027.0
1248146948.0
1248152957.0
1248221266.0
1248280303.0
1248363623.0
1248363686.0
1248675033.0
1248675034.0
1248675034.0
1248675034.0
1248675035.0
1248675890.0
1248675922.0
1248675926.0
1248675934.0
1248675952.0
1248675987.0
1248676027.0
1248676338.0
1248676402.0
1248703674.0
1248703675.0
1248703676.0
1248703676.0
1248703676.0
1248757884.0
1248890753.0
1249058311.0
1249058762.0
1249065308.0
1249142622.0
1249191536.0
1249191620.0
1249275161.0
1249276090.0
1249324100.0
1249324308.0
1249394230.0
1249394255.0
1249394270.0
1249410896.0
1249411648.0
1249503229.0
1249567033.0
1249567178.0
1249663717.0
1249858197.0
1249858198.0
1249858198.0
1249858199.0
1249858199.0
1249858543.0
1249858868.0
1250258370.0
1250276872.0
1250614833.0
1250658970.0
1250658970.0
1250658997.0
1250658998.0
1250659030.0
1250659081.0
1250659219.0
1250659420.0
1250659937.0
1250786887.0
1251672120.0
1251672189.0
1251672189.0
1251774460.0
1251775992.0
1251817429.0
1251899529.0
1252008281.0
1252008407.0
1252675089.0
1252727863.0
1252877868.0
1252877947.0
1252878063.0
1252878069.0
1252878884.0
1252976919.0
1252977006.0
1252977290.0
1253194905.0
1253194933.0
1253201654.0
1253219462.0
1253313419.0
1253505340.0
1253544012.0
1253544012.0
1253544030.0
1253593068.0
1253595492.0
1253625730.0
1253625947.0
1253626348.0
1253626398.0
1253647594.0
1253647949.0
1253647985.0
1253648021.0
1253648203.0
1253648267.0
1253648272.0
1253648279.0
1253657857.0
1253657897.0
1253657923.0
1253712943.0
1253713007.0
1253713057.0
1253713094.0
1253713310.0
1253719984.0
1253720019.0
1253736037.0
1253740878.0
1253740950.0
1253741911.0
1253812518.0
1253819378.0
1253819429.0
1253822402.0
1254113588.0
1254113669.0
1254113678.0
1254113747.0
1254113762.0
1254113777.0
1254146753.0
1254185188.0
1254317858.0
1254317887.0
1254318293.0
1254319259.0
1254319593.0
1254319660.0
1254319693.0
1254319717.0
1254319722.0
1254320248.0
1254497291.0
1254589475.0
1254590122.0
1254590126.0
1254590242.0
1254764367.0
1254764421.0
1254764487.0
1254774701.0
1254774847.0
1254843731.0
1254844057.0
1254844069.0
1254844504.0
1254844938.0
1254859225.0
1255010828.0
1255065077.0
1255065425.0
1255065460.0
1255066265.0
1255066401.0
1255066456.0
1255355209.0
1255388595.0
1255388975.0
1255396854.0
1255396929.0
1256055424.0
1256273254.0
1256273321.0
1256510082.0
1256510261.0
1256510268.0
1256510281.0
1256594115.0
1256594312.0
1256595167.0
1256655152.0
1256655241.0
1256655275.0
1256658822.0
1256711321.0
1256711321.0
1256748820.0
1256755923.0
1256755924.0
1256792731.0
1256792829.0
1256832955.0
1257268169.0
1257376849.0
1258037209.0
1258040158.0
1258040158.0
1258414716.0
1258441378.0
1258441629.0
1258441642.0
1258468198.0
1258614520.0
1259379243.0
1259379296.0
1259379423.0
1259379567.0
1259850329.0
1259854276.0
1259854305.0
1260308534.0
1260333673.0
1260399628.0
1261031704.0
1261413941.0
1261414258.0
1261414558.0
1261414808.0
1262493016.0
1262493255.0
1262493266.0
1262493551.0
1262493644.0
1262493710.0
1262493893.0
1262494113.0
1262494165.0
1262628006.0
1262729736.0
1262816526.0
1262883045.0
1262904154.0
1263174644.0
1263323210.0
1263488120.0
1263705834.0
1263709283.0
1263709321.0
1263862702.0
1263862832.0
1263862838.0
1263910694.0
1264171426.0
1264171459.0
1264392410.0
1264438421.0
1264440687.0
1264446489.0
1264448029.0
1264483713.0
1264483797.0
1264483800.0
1264517538.0
1264517782.0
1264517810.0
1264659421.0
1264659905.0
1264659909.0
1264816543.0
1264909643.0
1264920704.0
1265002531.0
1265002584.0
1265002823.0
1265002914.0
1265002963.0
1265093219.0
1265093239.0
1265093318.0
1265093423.0
1265124065.0
1265124098.0
1265130542.0
1265231063.0
1265233858.0
1265294146.0
1265309274.0
1265691841.0
1265691852.0
1265692023.0
1265693988.0
1265828660.0
1265829835.0
1265829848.0
1265830215.0
1265830269.0
1265869869.0
1265871863.0
1265954451.0
1265954487.0
1265955157.0
1265955229.0
1265955264.0
1266174281.0
1266174316.0
1266174442.0
1266174586.0
1266358321.0
1266358390.0
1266427162.0
1266438820.0
1266521481.0
1266521544.0
1266899458.0
1266978544.0
1266978647.0
1266978887.0
1267021011.0
1267021063.0
1267216435.0
1267216461.0
1267543798.0
1267544159.0
1267550273.0
1267550307.0
1267632834.0
1267635362.0
1267717381.0
1267717434.0
1267717591.0
1267717658.0
1267717852.0
1267718755.0
1267718807.0
1267718880.0
1267729746.0
1267730164.0
1267769331.0
1267817939.0
1268071532.0
1268375398.0
1268417841.0
1268418370.0
1268418549.0
1268422818.0
1268684307.0
1268690530.0
1268690531.0
1268930462.0
1268930522.0
1268932497.0
1269278005.0
1269282145.0
1269282288.0
1269282700.0
1269351186.0
1269369211.0
1269445496.0
1269445559.0
1269464426.0
1269530730.0
1269530940.0
1269531494.0
1269531994.0
1269532080.0
1269532493.0
1269534529.0
1269534560.0
1269534571.0
1269534572.0
1269545349.0
1269869580.0
1269870550.0
1269974335.0
1270149855.0
1270149885.0
1270150609.0
1270435471.0
1271000897.0
1271001267.0
1271095097.0
1271095297.0
1271095434.0
1271208993.0
1271269960.0
1271270036.0
1271278311.0
1271296795.0
1271297109.0
1271338476.0
1271338502.0
1271649441.0
1271650484.0
1271684253.0
1271684402.0
1271684445.0
1271685111.0
1271685167.0
1271691835.0
1271950382.0
1271950936.0
1271963840.0
1271963863.0
1271966772.0
1271973513.0
1271973569.0
1272043394.0
1272084779.0
1272560570.0
1272560609.0
1272595035.0
1272595152.0
1272596615.0
1272597228.0
1272603701.0
1272605681.0
1272729356.0
1272892660.0
1272893340.0
1272897213.0
1272897306.0
1272897565.0
1272919297.0
1272919376.0
1272919385.0
1272919391.0
1272919832.0
1273001762.0
1273150859.0
1273158699.0
1273159227.0
1273159292.0
1273159293.0
1273159341.0
1273174350.0
1273174376.0
1273180222.0
1273180288.0
1273515442.0
1273528985.0
1273529278.0
1273609904.0
1273633336.0
1273671981.0
1273672056.0
1273725831.0
1273729488.0
1273761449.0
1273761502.0
1273777401.0
1273778663.0
1273778708.0
1274026875.0
1274029307.0
1274072515.0
1274127370.0
1274276710.0
1274295857.0
1274384765.0
1274384783.0
1274675571.0
1274796591.0
1274796709.0
1274820186.0
1274850458.0
1274889500.0
1274893382.0
1274893404.0
1274972385.0
1274975173.0
1275018249.0
1275018308.0
1275063637.0
1275063910.0
1275064011.0
1275064017.0
1275064085.0
1275064126.0
1275067071.0
1275067137.0
1275067351.0
1275067365.0
1275068059.0
1275068206.0
1275341471.0
1275368862.0
1275368894.0
1275368985.0
1275588670.0
1275588717.0
1275689415.0
1275700832.0
1275918411.0
1275918724.0
1275949835.0
1276004404.0
1276029832.0
1276030664.0
1276059127.0
1276089529.0
1276091864.0
1276105630.0
1276181972.0
1276195740.0
1276195793.0
1276196524.0
1276197506.0
1276197635.0
1276197733.0
1276228644.0
1276228717.0
1276228876.0
1276228940.0
1276273212.0
1276273289.0
1276273538.0
1276274553.0
1276280168.0
1276281307.0
1276281324.0
1276321792.0
1276322054.0
1276392455.0
1276553183.0
1276708823.0
1276709665.0
1276803139.0
1276803166.0
1277392138.0
1277399882.0
1277407981.0
1277408025.0
1277500052.0
1277760045.0
1277760114.0
1277760200.0
1277777176.0
1277823307.0
1277840550.0
1277840551.0
1277847086.0
1277847188.0
1277847226.0
1277847255.0
1277865231.0
1277865366.0
1277865403.0
1277865412.0
1277865503.0
1277865594.0
1277865639.0
1277865677.0
1277865715.0
1277946174.0
1277946324.0
1277946439.0
1277946526.0
1277946534.0
1278012725.0
1278012780.0
1278424632.0
1278424736.0
1278444331.0
1278447112.0
1278447136.0
1278447487.0
1278609735.0
1278635001.0
1278635108.0
1278971556.0
1278971714.0
1278971806.0
1279059396.0
1279210672.0
1279210739.0
1279210783.0
1279215372.0
1279215444.0
1279215616.0
1279215688.0
1279215805.0
1279215861.0
1279217974.0
1279219740.0
1279220001.0
1279242720.0
1279504968.0
1279504969.0
1279505111.0
1279553358.0
1279681999.0
1279733140.0
1279733725.0
1279819049.0
1279819075.0
1279819082.0
1279819082.0
1280346839.0
1280443239.0
1280445492.0
1280510386.0
1280510487.0
1280510572.0
1280510581.0
1280510581.0
1280514549.0
1280514561.0
1280514561.0
1280514744.0
1280710798.0
1280710851.0
1280710984.0
1280711168.0
1280711354.0
1280711451.0
1280711628.0
1280711634.0
1280711683.0
1280711748.0
1280711914.0
1280712100.0
1280712304.0
1280712355.0
1282061389.0
1282227605.0
1282227707.0
1282227734.0
1282238211.0
1282251958.0
1282742256.0
1282828531.0
1282828722.0
1282828965.0
1282829210.0
1283185073.0
1283185124.0
1283319788.0
1283319888.0
1283442645.0
1283456657.0
1283456736.0
1283890075.0
1283980352.0
1283980381.0
1283980547.0
1284480645.0
1284480695.0
1284481228.0
1284481401.0
1284483214.0
1284483297.0
1284483302.0
1284483345.0
1284483395.0
1285211244.0
1285354082.0
1286201461.0
1286201525.0
1286201632.0
1286202102.0
1286252427.0
1286252462.0
1286252883.0
1286312435.0
1286312559.0
1286312586.0
1286373300.0
1286377949.0
1286378047.0
1286378068.0
1286378314.0
1286378399.0
1286378547.0
1286554511.0
1286803770.0
1286803993.0
1286804428.0
1287002152.0
1287002190.0
1287005444.0
1287064590.0
1287494441.0
1287494637.0
1287677234.0
1288107513.0
1288107915.0
1288107935.0
1288107957.0
1288158203.0
1288307351.0
1288657263.0
1288724214.0
1288984623.0
1288984690.0
1288995575.0
1289494678.0
1289494706.0
1289502670.0
1289502697.0
1289503897.0
1289514299.0
1289599559.0
1289855257.0
1289945868.0
1290101993.0
1290102038.0
1290308349.0
1290308388.0
1290308396.0
1290308446.0
1290308538.0
1290308566.0
1290308614.0
1290308651.0
1290308683.0
1290308718.0
1290308768.0
1290308797.0
1290322235.0
1290468396.0
1290488311.0
1290524929.0
1290666348.0
1290666382.0
1291322164.0
1291925871.0
1291926214.0
1292250982.0
1292438888.0
1292440599.0
1292606281.0
1292609405.0
1294237541.0
1294252422.0
1294252441.0
1294252442.0
1294252449.0
1294252451.0
1294252591.0
1294329530.0
1294329559.0
1294766231.0
1294766309.0
1294766322.0
1294766340.0
1294766484.0
1294766494.0
1294786284.0
1294786325.0
1294848543.0
1294872537.0
1294930074.0
1294940677.0
1295042607.0
1295277287.0
1295277379.0
1295364003.0
1295408429.0
1295453371.0
1296049685.0
1296237856.0
1296575103.0
1296575113.0
1296787399.0
1297088630.0
1297106003.0
1297106886.0
1297175718.0
1297468640.0
1297468704.0
1297468829.0
1297873841.0
1297987073.0
1297994208.0
1297994262.0
1298499161.0
1298557168.0
1298557875.0
1298684496.0
1298920606.0
1298920634.0
1298924990.0
1298990386.0
1298990460.0
1298997144.0
1298998187.0
1298998232.0
1298998435.0
1298998445.0
1298998456.0
1299012093.0
1299094889.0
1299096756.0
1299096803.0
1299096892.0
1299096930.0
1299101443.0
1299171227.0
1299171298.0
1299175087.0
1299175788.0
1299288300.0
1299472251.0
1299472265.0
1299472296.0
1299476669.0
1299476937.0
1299515535.0
1299515595.0
1299592602.0
1299592972.0
1300195877.0
1300195920.0
1300195934.0
1300290245.0
1300290288.0
1300291158.0
1300291195.0
1300293170.0
1300381529.0
1300381581.0
1300465855.0
1300466002.0
1300468927.0
1300471663.0
1300471733.0
1300472474.0
1300800700.0
1300800803.0
1300808906.0
1300905149.0
1300906241.0
1300906302.0
1300910129.0
1300913520.0
1300913574.0
1300977216.0
1300977279.0
1300984052.0
1300984091.0
1300990348.0
1300990377.0
1301011194.0
1301093499.0
1301272681.0
1301272723.0
1301321661.0
1301321690.0
1301330836.0
1301330912.0
1301522347.0
1301522371.0
1301522616.0
1301523086.0
1301580724.0
1301583522.0
1301583792.0
1301583818.0
1301596443.0
1301596490.0
1301690398.0
1302560484.0
1302560648.0
1302615442.0
1302616537.0
1302795438.0
1302802918.0
1302802949.0
1302803044.0
1302803069.0
1302984453.0
1303012380.0
1303012445.0
1303174530.0
1303174637.0
1303305638.0
1303336843.0
1303392717.0
1303396249.0
1303398528.0
1303405939.0
1303406161.0
1303406211.0
1303407646.0
1303772693.0
1303772823.0
1303772943.0
1303773010.0
1303835852.0
1303920023.0
1304006047.0
1304006246.0
1304016331.0
1304028594.0
1304028623.0
1304357376.0
1304373046.0
1304437065.0
1304437105.0
1304437416.0
1304528567.0
1304528615.0
1304528632.0
1304528693.0
1304529061.0
1304720163.0
1304720735.0
1304720803.0
1304977171.0
1304977216.0
1304977741.0
1305053255.0
1305053291.0
1305053310.0
1305122276.0
1305259102.0
1305259149.0
1305419736.0
1305562544.0
1305562589.0
1305562935.0
1305569573.0
1305671684.0
1305672381.0
1305740978.0
1306177332.0
1306177358.0
1306177600.0
1306177654.0
1306177888.0
1306178386.0
1306178630.0
1306179598.0
1306179739.0
1306180742.0
1306180776.0
1306181848.0
1306183007.0
1306183504.0
1306183781.0
1306186472.0
1306186884.0
1306187566.0
1306188525.0
1306188574.0
1306188806.0
1306188899.0
1306188941.0
1306240838.0
1306240884.0
1306241583.0
1306241648.0
1306249482.0
1306249509.0
1306251266.0
1306251386.0
1306251436.0
1306251599.0
1306251866.0
1306282396.0
1306284160.0
1306284378.0
1306330419.0
1306333537.0
1306336517.0
1306336535.0
1306353642.0
1306426252.0
1306426277.0
1306648252.0
1306874097.0
1306963040.0
1306963094.0
1306965371.0
1306965395.0
1307031279.0
1307031315.0
1307031422.0
1307628983.0
1307636896.0
1307637577.0
1307971442.0
1307982842.0
1307982865.0
1307989512.0
1307991646.0
1307991675.0
1308058016.0
1308070696.0
1308083862.0
1308083981.0
1308142469.0
1308142674.0
1308147572.0
1308147676.0
1308147705.0
1308156222.0
1308156245.0
1308156340.0
1308156344.0
1308156376.0
1308156377.0
1308156377.0
1308159176.0
1308164332.0
1308171423.0
1308239449.0
1308239535.0
1308239579.0
1308239670.0
1308241306.0
1308241357.0
1308267534.0
1308267556.0
1308699036.0
1308763769.0
1308764646.0
1309210349.0
1309210383.0
1309210478.0
1309211966.0
1309212042.0
1309212131.0
1309212181.0
1309212530.0
1309267682.0
1309277568.0
1309277596.0
1309278157.0
1309280956.0
1309282513.0
1309282522.0
1309283556.0
1309283660.0
1309283901.0
1309285147.0
1309285203.0
1309290938.0
1309355309.0
1309355541.0
1309379232.0
1309379274.0
1309470096.0
1309956761.0
1309959215.0
1310063677.0
1310063711.0
1310066312.0
1310066341.0
1310417110.0
1310482827.0
1310482871.0
1310485087.0
1310566418.0
1310579117.0
1310579253.0
1310579451.0
1310582472.0
1310582527.0
1310594193.0
1310594345.0
1310673886.0
1310776119.0
1310995596.0
1311130625.0
1311130664.0
1311130788.0
1311269498.0
1311618940.0
1311696214.0
1311785099.0
1311785168.0
1311789801.0
1311859266.0
1311859670.0
1312224981.0
1312225892.0
1312317386.0
1312327986.0
1312399760.0
1312417104.0
1312859934.0
1313515133.0
1313520413.0
1313520529.0
1313520885.0
1313524540.0
1313629854.0
1313630721.0
1313699165.0
1313718899.0
1313796361.0
1313796445.0
1314278583.0
1314641356.0
1314884611.0
1315328222.0
1315328232.0
1315408458.0
1315409689.0
1315944873.0
1316022578.0
1316022615.0
1316538308.0
1316616778.0
1317012223.0
1317012334.0
1317013970.0
1317014133.0
1317014187.0
1317054552.0
1317082131.0
1317082188.0
1317153305.0
1317214440.0
1317215311.0
1317215570.0
1317215732.0
1317215781.0
1317216124.0
1317239885.0
1317239917.0
1317240031.0
1317240176.0
1317257992.0
1317258158.0
1317258383.0
1317303007.0
1317649214.0
1318370643.0
1318373892.0
1318377183.0
1318377192.0
1318377225.0
1318482660.0
1318484396.0
1318484476.0
1318484495.0
1318485424.0
1318485616.0
1318485620.0
1318899456.0
1319576780.0
1319576786.0
1319578012.0
1319578181.0
1319578266.0
1319578362.0
1319578478.0
1319578578.0
1319750339.0
1320326227.0
1320678863.0
1321072766.0
1321366732.0
1321366788.0
1321472926.0
1321904434.0
1322521414.0
1322521453.0
1322582838.0
1322583288.0
1322599567.0
1322599694.0
1322607905.0
1322664961.0
1322665009.0
1322665334.0
1322665344.0
1322668939.0
1322669229.0
1322669291.0
1322669488.0
1322688084.0
1322769927.0
1322769972.0
1322770109.0
1322846754.0
1322878609.0
1322878644.0
1322878839.0
1322975334.0
1322975392.0
1323112259.0
1323187711.0
1323197847.0
1323288463.0
1323288529.0
1323288578.0
1323288730.0
1323292255.0
1323294052.0
1323296393.0
1323352519.0
1323452403.0
1323452429.0
1323490385.0
1323490432.0
1323490465.0
1323490520.0
1323490625.0
1323706512.0
1323724968.0
1323968662.0
1325600753.0
1325600882.0
1325622066.0
1325622113.0
1325622156.0
1325622199.0
1325622270.0
1325622287.0
1325622368.0
1325622593.0
1325622605.0
1325622680.0
1325625938.0
1325625996.0
1325715898.0
1325781917.0
1325781936.0
1325872023.0
1325873468.0
1325873497.0
1326139134.0
1326139557.0
1326145141.0
1326214383.0
1326214781.0
1326216083.0
1326223614.0
1326309615.0
1326312705.0
1326393717.0
1326836842.0
1326895742.0
1326896521.0
1326896581.0
1326995825.0
1326995860.0
1327331451.0
1327353365.0
1327358194.0
1327358226.0
1327595125.0
1327595126.0
1328021265.0
1328039221.0
1328048490.0
1328048860.0
1328049359.0
1328049448.0
1328055413.0
1328055449.0
1328117480.0
1328194954.0
1328540284.0
1328540417.0
1328540498.0
1328540626.0
1328544440.0
1328544983.0
1328559008.0
1328635698.0
1328721580.0
1328728942.0
1328844377.0
1328844422.0
1328844795.0
1329158307.0
1329158348.0
1329165481.0
1329174714.0
1329174823.0
1329232190.0
1329238208.0
1329459679.0
1329459893.0
1329864070.0
1329918662.0
1330027483.0
1330027514.0
1330439121.0
1330439196.0
1330439544.0
1330465024.0
1330465057.0
1330537106.0
1330537160.0
1330537219.0
1330537276.0
1330537334.0
1330549358.0
1330898251.0
1330898587.0
1331002097.0
1331516440.0
1331516764.0
1331576156.0
1331598157.0
1331598568.0
1331693644.0
1331693890.0
1332164212.0
1332166182.0
1332263627.0
1332877341.0
1332877598.0
1333642128.0
1333642141.0
1333976611.0
1333976706.0
1333976797.0
1333977262.0
1333977758.0
1333977820.0
1333987856.0
1333987856.0
1333989836.0
1334014801.0
1334552316.0
1334596030.0
1334601717.0
1334601754.0
1334601816.0
1334635429.0
1334702797.0
1334756996.0
1334757098.0
1334762960.0
1334764203.0
1334840062.0
1334866324.0
1334866773.0
1334881483.0
1335048026.0
1335048139.0
1335189641.0
1335189718.0
1335189784.0
1335189857.0
1335189937.0
1335199805.0
1335199815.0
1335199843.0
1335200079.0
1335275998.0
1335276485.0
1335276489.0
1335276556.0
1335276603.0
1335537849.0
1335811506.0
1336002413.0
1336002872.0
1336002932.0
1336002993.0
1336049576.0
1336407612.0
1336570024.0
1336578323.0
1336578443.0
1336586485.0
1336588602.0
1336588737.0
1336588764.0
1336588773.0
1336588965.0
1336589158.0
1336596192.0
1336598769.0
1336610131.0
1336610295.0
1336655069.0
1336656043.0
1336665621.0
1336665941.0
1336666987.0
1336667165.0
1336667712.0
1336677654.0
1336678109.0
1336678118.0
1336678929.0
1336715715.0
1336715886.0
1336717005.0
1336717160.0
1336769431.0
1336841530.0
1336841670.0
1337118470.0
1337286918.0
1337289252.0
1337292494.0
1337292504.0
1337292625.0
1337292676.0
1337292718.0
1337292726.0
1337292791.0
1337474385.0
1337607885.0
1337608069.0
1337608453.0
1337608787.0
1337609003.0
1337615451.0
1337615507.0
1337621034.0
1337701138.0
1337701138.0
1337701332.0
1337799068.0
1337876445.0
1337876524.0
1337876804.0
1337876939.0
1337885108.0
1338394794.0
1338394907.0
1338470519.0
1338470641.0
1338470685.0
1338470716.0
1338471133.0
1338471424.0
1338492496.0
1338509346.0
1338841358.0
1338841836.0
1338989745.0
1339130301.0
1339260617.0
1339518910.0
1339518998.0
1339519054.0
1339519090.0
1339519125.0
1339523315.0
1339556382.0
1339557304.0
1339595152.0
1339595188.0
1340026759.0
1340037268.0
1340122138.0
1340404689.0
1340654869.0
1340655216.0
1340655305.0
1340679468.0
1340723508.0
1340890645.0
1340899646.0
1340903223.0
1340903390.0
1340903646.0
1340905832.0
1341270773.0
1341931000.0
1341974989.0
1342109346.0
1342317496.0
1342317698.0
1342616178.0
1343229148.0
1343273106.0
1343742962.0
1344462695.0
1344521133.0
1345579099.0
1345579111.0
1346336962.0
1346337027.0
1346456693.0
1346869233.0
1347296201.0
1347552518.0
1348426458.0
1349095777.0
1349796727.0
1349798728.0
1349799231.0
1349878304.0
1349878358.0
1349879736.0
1349892246.0
1350403505.0
1350483678.0
1350483688.0
1350483694.0
1350579187.0
1350583412.0
1350912186.0
1351204220.0
1351519130.0
1352391062.0
1352391315.0
1352391482.0
1352729917.0
1352736525.0
1352736588.0
1352754361.0
1354073731.0
1355152215.0
1357588495.0
1357588510.0
1357588867.0
1357588991.0
1357841419.0
1358184033.0
1358184340.0
1358197602.0
1358267200.0
1358453845.0
1359476070.0
1359476077.0
1359479677.0
1360270005.0
1360609113.0
1360609173.0
1360609173.0
1360609221.0
1360609267.0
1360609267.0
1360685197.0
1360685240.0
1360685400.0
1360685437.0
1360685611.0
1362668220.0
